world: 68923de3-6859-41c7-94e7-6a11a76c2a33
world-name: world
x: 58.71491090979419
y: 36.0
z: -81.80735433843495
yaw: -0.04901123046875
pitch: 14.505468368530273
name: A1
lastowner: 7e43fcbb-1eee-4d9f-8966-a45793bed22e
